{
  "frame": "object-centred: origin = point centroid; axes = point spread directions (X widest, Z least); scale arbitrary (no known length)",
  "cloud_extent_xyz": [
    0.4937328248905809,
    0.35529384880648995,
    0.17450887042771948
  ],
  "n_cameras": 12,
  "n_points": 27,
  "unregistered": [
    "09_diagonal_left_bw.jpg",
    "10_diagonal_left.jpg"
  ],
  "cameras": {
    "01_front_clean.jpg": {
      "R": [
        [
          0.13390829917574737,
          -0.9909914718279427,
          0.0021142791079663634
        ],
        [
          0.0008151738446654511,
          0.0022436435531345833,
          0.9999971507735458
        ],
        [
          -0.9909933919575155,
          -0.1339061941356498,
          0.0011082728202779224
        ]
      ],
      "t": [
        0.12836943258988037,
        -0.04926610032183671,
        1.6787378869029579
      ],
      "f": 1147.2,
      "center": [
        1.6464685808016986,
        0.3521169498948366,
        0.047134051569708756
      ],
      "reproj_mean_px": 4.759122557310216,
      "provisional": false
    },
    "04_front_elevated.jpg": {
      "R": [
        [
          0.28790119183251284,
          -0.9569125325797672,
          -0.037832641107840397
        ],
        [
          0.03272996817507834,
          -0.029650287856770773,
          0.9990243288395279
        ],
        [
          -0.9571006493178642,
          -0.28885855608201505,
          0.0227833635255284
        ]
      ],
      "t": [
        0.020721899839456576,
        -0.2171388177888814,
        3.0959090997055583
      ],
      "f": 910.8294197726906,
      "center": [
        2.964237696492265,
        0.9076706495050382,
        0.14717570344566147
      ],
      "reproj_mean_px": 5.603368077125229,
      "provisional": false
    },
    "14_front_pikiwiki.png": {
      "R": [
        [
          0.22750823486371755,
          -0.973736950255552,
          0.008738122007169016
        ],
        [
          0.023561990365484474,
          0.01447549787343999,
          0.9996175731605227
        ],
        [
          -0.9734910557777162,
          -0.22721534206195826,
          0.026236475610397755
        ]
      ],
      "t": [
        0.03099199764837405,
        -0.137795032648577,
        2.055812892696632
      ],
      "f": 780.2038028528598,
      "center": [
        1.9975112539444804,
        0.4992849346039792,
        0.08353423945427171
      ],
      "reproj_mean_px": 2.0048570032669644,
      "provisional": false
    },
    "02_front_wide.jpg": {
      "R": [
        [
          0.2828644180397909,
          -0.9591565495546396,
          0.002536622448925086
        ],
        [
          -0.004227651035030056,
          0.0013978377700052935,
          0.9999900864590084
        ],
        [
          -0.9591505867035356,
          -0.28287233780630927,
          -0.003659580612153568
        ]
      ],
      "t": [
        0.031028562758532247,
        -0.10637944961912016,
        3.0852952646797576
      ],
      "f": 686.8558126123359,
      "center": [
        2.950036151733638,
        0.9026546347484422,
        0.11759057400662577
      ],
      "reproj_mean_px": 3.771253510418022,
      "provisional": false
    },
    "05_front_center.jpg": {
      "R": [
        [
          0.15851244355908686,
          -0.9871693039141862,
          0.019250211596459933
        ],
        [
          0.1537233558598774,
          0.04393335183278472,
          0.9871367638072823
        ],
        [
          -0.9753168383146603,
          -0.15351425343048097,
          0.15871496115230407
        ]
      ],
      "t": [
        0.17643279372777085,
        -0.41202312139233693,
        2.0178831274464333
      ],
      "f": 820.2918311602082,
      "center": [
        2.0034461756041004,
        0.5020444167471538,
        0.08305855987064187
      ],
      "reproj_mean_px": 3.4619409446528895,
      "provisional": false
    },
    "03_front_postcard.jpg": {
      "R": [
        [
          0.22809033942647366,
          -0.9736308694332592,
          0.004210361855231462
        ],
        [
          -0.01591717263244943,
          0.0005949630654369561,
          0.9998731367700302
        ],
        [
          -0.9735098564861607,
          -0.22812842020578392,
          -0.01536174530150891
        ]
      ],
      "t": [
        0.04387231356179575,
        -0.10132565943458507,
        2.0720369654548882
      ],
      "f": 4247.878525744761,
      "center": [
        2.0055287399689563,
        0.5154662433593745,
        0.13295819073725845
      ],
      "reproj_mean_px": 1.6824607576856885,
      "provisional": false
    },
    "06_front_flags.jpg": {
      "R": [
        [
          0.18597714519293443,
          -0.9823580625739368,
          0.019624942340487013
        ],
        [
          0.032965470623108034,
          0.026200588473240013,
          0.999113010079567
        ],
        [
          -0.982000905912252,
          -0.18516523987951192,
          0.03725660649978288
        ]
      ],
      "t": [
        0.014825133303202759,
        -0.22751119818812288,
        2.5982641182204853
      ],
      "f": 1671.9274261264527,
      "center": [
        2.5562405956432794,
        0.5016327152265401,
        0.13021595182723303
      ],
      "reproj_mean_px": 2.413730567113433,
      "provisional": false
    },
    "12_front_trees.jpg": {
      "R": [
        [
          0.1965571112843956,
          -0.980367238478346,
          0.015664600916577513
        ],
        [
          -0.007745159689535951,
          0.014423304654499628,
          0.9998659814116226
        ],
        [
          -0.9804617863562647,
          -0.19665209381337748,
          -0.00475809771834054
        ]
      ],
      "t": [
        0.06803407714646117,
        -0.06011115930120216,
        1.9091391200738839
      ],
      "f": 830.6809273042154,
      "center": [
        1.8579997998695483,
        0.4430015872417936,
        0.06812124711247813
      ],
      "reproj_mean_px": 3.357907559425034,
      "provisional": false
    },
    "13_front_heavy_trees.jpg": {
      "R": [
        [
          0.2651293376225356,
          -0.9642125030925963,
          0.0008265662378894784
        ],
        [
          -0.040431899967225085,
          -0.01026105347597293,
          0.9991296073316033
        ],
        [
          -0.9633647781587596,
          -0.26493199063433864,
          -0.0417054497835813
        ]
      ],
      "t": [
        0.001965942341947538,
        -0.011635660842280043,
        2.4316256297516303
      ],
      "f": 666.1959572893974,
      "center": [
        2.3415508045046813,
        0.6459916106159107,
        0.11303594886090136
      ],
      "reproj_mean_px": 2.1169484911772556,
      "provisional": false
    },
    "07_diagonal_left.jpg": {
      "R": [
        [
          -0.3444213609375483,
          -0.9163267346269237,
          -0.20425288624126325
        ],
        [
          -0.004282655810370781,
          -0.21602873727412727,
          0.9763776131860851
        ],
        [
          -0.938805403152931,
          0.3371600511325525,
          0.07048059967932728
        ]
      ],
      "t": [
        0.20274023592423962,
        -0.06655120101315631,
        1.8031896656922473
      ],
      "f": 860.4,
      "center": [
        1.762387253147529,
        -0.4365641934434865,
        -0.02070050782890176
      ],
      "reproj_mean_px": 6.276256403459144,
      "provisional": false
    },
    "08_diagonal_right_soft.jpg": {
      "R": [
        [
          0.20781978585132296,
          -0.9756199173854584,
          0.07054582489064445
        ],
        [
          0.0033174701648375853,
          0.07282299465400824,
          0.9973393634271777
        ],
        [
          -0.9781615055809628,
          -0.20703281925920228,
          0.01837064912219596
        ]
      ],
      "t": [
        0.10021094923604207,
        -0.15088495059020068,
        2.2318178901964845
      ],
      "f": 300.0,
      "center": [
        2.1627530859688355,
        0.5708152418454892,
        0.10241409313000154
      ],
      "reproj_mean_px": 11.633005191256778,
      "provisional": true
    },
    "11_side_right.jpg": {
      "R": [
        [
          0.21833457450094354,
          -0.9583360409869792,
          0.1841793857164658
        ],
        [
          0.05337015808396329,
          0.20017633986908848,
          0.9783051973605723
        ],
        [
          -0.9744134850275755,
          -0.20376816606628712,
          0.09485196199550867
        ]
      ],
      "t": [
        -0.056397174943964026,
        -0.1499002218613028,
        1.4476103836521839
      ],
      "f": 295.2,
      "center": [
        1.4308847306286347,
        0.27093594545443117,
        0.019726678075258075
      ],
      "reproj_mean_px": 13.038594189355932,
      "provisional": true
    }
  },
  "points": {
    "P0": {
      "XYZ": [
        -0.2963169862769176,
        0.38388371896561224,
        -0.13326381547669536
      ],
      "n_views": 11,
      "reproj_px": 6.164714401713274,
      "pos_std_rel": 0.15880732430145175
    },
    "P1": {
      "XYZ": [
        -0.28202284294305047,
        0.21531093586660402,
        -0.3609106648376583
      ],
      "n_views": 10,
      "reproj_px": 8.158029959543398,
      "pos_std_rel": 0.14848680976827633
    },
    "P2": {
      "XYZ": [
        -0.1675680861946218,
        0.13088244364490917,
        -0.34092475707045067
      ],
      "n_views": 9,
      "reproj_px": 5.069368189171481,
      "pos_std_rel": 0.12826546360855126
    },
    "P3": {
      "XYZ": [
        0.11964808798425315,
        -0.03896422358609151,
        -0.28842300257813663
      ],
      "n_views": 10,
      "reproj_px": 6.5860053596475465,
      "pos_std_rel": 0.1665936387195361
    },
    "P4": {
      "XYZ": [
        0.2309918394653368,
        -0.09284507428100032,
        -0.26704220689792535
      ],
      "n_views": 10,
      "reproj_px": 7.958716462458621,
      "pos_std_rel": 0.1954675796814674
    },
    "P5": {
      "XYZ": [
        1.6444790783526468,
        0.3515537347695536,
        0.046693621070736484
      ],
      "n_views": 8,
      "reproj_px": 2.3638015272009194,
      "pos_std_rel": 0.30285946505873135
    },
    "P10": {
      "XYZ": [
        -0.3613373558967524,
        0.29861579368614766,
        0.09781971754654344
      ],
      "n_views": 10,
      "reproj_px": 4.482929268092271,
      "pos_std_rel": 0.1744522324054599
    },
    "P11": {
      "XYZ": [
        -0.3327972103366822,
        0.2585035153014512,
        0.09834942156789687
      ],
      "n_views": 8,
      "reproj_px": 4.1196066653629995,
      "pos_std_rel": 0.16259988287970806
    },
    "P12": {
      "XYZ": [
        -0.3165659517285724,
        0.06893211141241974,
        0.03426489757889908
      ],
      "n_views": 9,
      "reproj_px": 3.241182937576582,
      "pos_std_rel": 0.151479564455721
    },
    "P13": {
      "XYZ": [
        -0.2647236216809017,
        0.03566036770815863,
        0.0362885974030699
      ],
      "n_views": 9,
      "reproj_px": 2.711608136624799,
      "pos_std_rel": 0.138620760792485
    },
    "P14": {
      "XYZ": [
        -0.22923616587078927,
        0.015807983063848622,
        0.03683331967516258
      ],
      "n_views": 11,
      "reproj_px": 3.2081613501882043,
      "pos_std_rel": 0.1322278707834559
    },
    "P15": {
      "XYZ": [
        -0.1717059467148051,
        -0.013461444035944754,
        0.03877076682909745
      ],
      "n_views": 11,
      "reproj_px": 2.8123568209828615,
      "pos_std_rel": 0.12684824700327096
    },
    "P16": {
      "XYZ": [
        -0.13929561568686816,
        -0.03183251478657795,
        0.0404336753948994
      ],
      "n_views": 12,
      "reproj_px": 4.223866003546267,
      "pos_std_rel": 0.12630493030892403
    },
    "P17": {
      "XYZ": [
        -0.08312018543897676,
        -0.059566396646076186,
        0.04338107299913962
      ],
      "n_views": 10,
      "reproj_px": 3.647303059219142,
      "pos_std_rel": 0.12955106831112953
    },
    "P18": {
      "XYZ": [
        -0.21776212300369122,
        -0.29809770633822996,
        0.10257479454230953
      ],
      "n_views": 9,
      "reproj_px": 4.707890494455699,
      "pos_std_rel": 0.2538929408091358
    },
    "P19": {
      "XYZ": [
        -0.2310823933029154,
        -0.34768765862798706,
        0.10292230476811656
      ],
      "n_views": 9,
      "reproj_px": 5.546552143351846,
      "pos_std_rel": 0.26522876063321355
    },
    "P20": {
      "XYZ": [
        -0.292651926589536,
        0.00960871983013345,
        0.196515162188717
      ],
      "n_views": 10,
      "reproj_px": 2.5897938253216592,
      "pos_std_rel": 0.14540116470526815
    },
    "P21": {
      "XYZ": [
        -0.20981112978953728,
        -0.031228617747621885,
        0.1936474263864316
      ],
      "n_views": 10,
      "reproj_px": 2.5673850469748425,
      "pos_std_rel": 0.1306777758431167
    },
    "P28": {
      "XYZ": [
        0.11680754535817825,
        0.7539481783280622,
        0.12172741460870935
      ],
      "n_views": 6,
      "reproj_px": 13.752862322180443,
      "pos_std_rel": 0.11884800653526739
    },
    "P29": {
      "XYZ": [
        0.024649450007725185,
        0.6523674035609088,
        0.12327418148948283
      ],
      "n_views": 8,
      "reproj_px": 5.140278497905491,
      "pos_std_rel": 0.11856391967160829
    },
    "P30": {
      "XYZ": [
        -0.00028621518612829267,
        0.5214382630030402,
        0.12614954776630924
      ],
      "n_views": 6,
      "reproj_px": 3.0139760664011983,
      "pos_std_rel": 0.11326096021911668
    },
    "P31": {
      "XYZ": [
        -0.182548672790623,
        -0.5236196373014358,
        0.1315611142777911
      ],
      "n_views": 8,
      "reproj_px": 4.65065350896537,
      "pos_std_rel": 0.28679712862826534
    },
    "P32": {
      "XYZ": [
        -0.1323973450166224,
        -0.5773620284894395,
        0.13006084512626795
      ],
      "n_views": 8,
      "reproj_px": 7.12037969909623,
      "pos_std_rel": 0.2632821516841321
    },
    "P33": {
      "XYZ": [
        -0.16505093624350062,
        -0.6980008528642356,
        0.13225559243886303
      ],
      "n_views": 6,
      "reproj_px": 7.709165158006549,
      "pos_std_rel": 0.2872497187389725
    },
    "P8": {
      "XYZ": [
        1.0308448907519656,
        -0.3104767080829458,
        -0.010444977301344777
      ],
      "n_views": 3,
      "reproj_px": 2.72918086815927,
      "pos_std_rel": 0.3790828336860463
    },
    "P9": {
      "XYZ": [
        1.2594146793276115,
        -0.36939806103899797,
        -0.010481169437168163
      ],
      "n_views": 2,
      "reproj_px": 5.71509515617261,
      "pos_std_rel": 0.4295763148715401
    },
    "P25": {
      "XYZ": [
        -0.3505548605562206,
        -0.3039722453142648,
        -0.42203288005906386
      ],
      "n_views": 2,
      "reproj_px": 0.5708511303984627,
      "pos_std_rel": 2.403535894939049
    }
  }
}